fecha	cp	minsplit	minbucket	maxdepth	xval_folds	ganancia	iteracion
20220910 194405	-0.560133366993978	2597.25851259247	668.640166492522	15	5	19586666.6666667	1
20220910 194416	-0.854610533340019	1263.79977776224	131.502944955355	8	5	21693333.3333333	2
20220910 194427	-0.309722590116144	3695.71408053294	252.04119638355	9	5	19173333.3333333	3
20220910 194440	-0.713400469973567	4833.57111754174	376.197671050788	13	5	18840000	4
20220910 194453	-0.418161060426792	2263.67272231152	578.652716701341	11	5	20186666.6666667	5
20220910 194459	-0.125155630406516	4584.56335807426	880.463386336603	3	5	17720000	6
20220910 194512	-0.729148368923052	3382.3206188194	491.995476096228	20	5	19306666.6666667	7
20220910 194522	-0.380860552166996	982.56014874122	66.4275614297658	7	5	22400000	8
20220910 194534	-0.873647068232822	1946.68985364359	839.079693987936	10	5	19520000	9
20220910 194548	-0.192203646352573	3905.05921054826	710.250269683209	19	5	19360000	10
20220910 194555	-0.611103689970332	4182.38310992993	348.478546662751	5	5	19386666.6666667	11
20220910 194604	0.0310102713905509	2852.68082994498	27.8552840077173	15	5	-1040000	12
20220910 194621	-0.967831369604392	853.011623777042	225.561041156878	17	5	21093333.3333333	13
20220910 194628	-0.0758315276223583	1649.53275529423	809.019837296248	4	5	19386666.6666667	14
20220910 194648	-0.128251655667554	429.126828812063	8.90280865482055	17	5	17640000	15
20220910 194654	-0.778865884372499	3141.94286258507	902.783355970634	4	5	19186666.6666667	16
20220910 194703	-0.236488417330979	1339.96087222293	668.449062218165	3	5	18760000	17
20220910 194728	-0.444398372417707	6.37978031090559	1.59156398259764	20	5	11586666.6666667	18
20220910 194743	-0.637446421632404	1013.66175349848	30.7559768655089	10	5	21746666.6666667	19
20220910 194804	-0.5174415047192	1658.61335245702	17.5610721572357	16	5	19453333.3333333	20
20220910 194811	-0.949105783636712	989.168180885994	6.67272816773999	3	5	17626666.6666667	21
20220910 194831	-0.795654181184358	1195.89276986237	579.938121285113	20	5	20280000	22
20220910 194856	-0.401981199239445	919.312186425879	1.39906918744052	16	5	20373333.3333333	23
20220910 194913	-0.489042097548983	3839.60495392187	999.949324676231	15	5	19120000	24
20220910 194921	-0.657047683508376	2265.48229436055	358.829518064825	3	5	18973333.3333333	25
20220910 194934	-0.486593194255295	1176.9272401165	15.5962640534692	7	5	20666666.6666667	26
20220910 194946	-0.0800073568001108	903.270724248706	13.529856844793	6	5	20800000	27
20220910 195000	-0.369134647368669	795.325761065575	371.399497731847	7	5	20706666.6666667	28
20220910 195025	-0.997878330660891	1440.6929028349	1.93452288470549	17	5	19693333.3333333	29
20220910 195049	-0.349030052315435	4354.32467193626	35.7420787394741	20	5	19106666.6666667	30
20220910 195107	-0.595049775753202	2201.23849405362	998.757770382806	20	5	18400000	31
20220910 195127	-0.808381969381494	975.078947011851	1.54524437958652	13	5	20960000	32
20220910 195141	-0.750647995761492	1503.85770377873	432.037226143723	8	5	21253333.3333333	33
20220910 195152	-0.403883324227794	1866.16490761756	929.812026830443	5	5	18906666.6666667	34
20220910 195208	-0.958260348350691	3975.04352065616	187.986142789104	10	5	19266666.6666667	35
20220910 195225	-0.999816958471218	2782.89483488282	254.414163892782	13	5	20080000	36
20220910 195241	-0.890730901587157	2539.98894395462	969.654951010856	11	5	19413333.3333333	37
20220910 195256	-0.312705023348005	998.879355482991	5.16663453528038	9	5	21080000	38
20220910 195304	-0.408883665015037	947.135560258557	1.52514779210689	3	5	17760000	39
20220910 195317	-0.386002734853511	1544.87930735115	2.05990918284804	8	5	20560000	40
20220910 195335	-0.788722156638055	1294.24998317747	644.090290911532	16	5	19466666.6666667	41
20220910 195351	-0.33494747530508	4999.768893651	753.538905528266	20	5	18920000	42
20220910 195402	-0.291461107779433	1199.23087216457	2.77282090551341	6	5	20080000	43
20220910 195415	-0.378425141308133	1094.55769650387	179.7455212233	8	5	21920000	44
20220910 195428	-0.730648935477207	2688.35879746584	83.2386124173118	8	5	20066666.6666667	45
20220910 195439	-0.138088156177687	24.9554751205235	11.4146882101678	6	5	20920000	46
20220910 195454	-0.99988806442502	3668.60515742287	999.729699012068	20	5	19133333.3333333	47
20220910 195507	-0.717840167074033	842.448757338807	94.8057061636207	7	5	21840000	48
20220910 195527	-0.910152691019564	2345.03017902701	314.240919709737	20	5	20280000	49
20220910 195538	-0.356855693819794	4062.69415124627	999.665399542957	7	5	19146666.6666667	50
20220910 195550	-0.172613817544828	802.260811069837	120.047144721733	7	5	21853333.3333333	51
20220910 195604	-0.999820151824054	680.401263220623	323.309923330554	10	5	20413333.3333333	52
20220910 195617	-0.862486302429481	1898.90443251269	219.482918650487	10	5	20746666.6666667	53
20220910 195624	-0.999983719612981	4997.40166688608	991.590204990232	3	5	17613333.3333333	54
20220910 195640	-0.379557699634666	3425.73104959114	682.868934199058	20	5	1.9e+07	55
20220910 195701	-0.999823992762551	4999.40061674759	15.4082438106964	20	5	16653333.3333333	56
20220910 195716	-0.393936839023196	945.445703024335	37.7618764628358	11	5	21746666.6666667	57
20220910 195732	-0.999725515202762	1065.35436579305	525.309567867986	20	5	19760000	58
20220910 195743	-0.999968662360473	2676.28786944996	532.751144407866	7	5	20346666.6666667	59
20220910 195756	-0.413727649671532	4999.3453209592	132.856144421598	10	5	18960000	60
20220910 195808	-0.680612067741051	1051.13440537425	179.169384483342	8	5	21786666.6666667	61
20220910 195816	0.0995804930820584	299.23304066978	108.025673410231	6	5	-1140000	62
20220910 195831	-0.221604426907542	2212.07494501201	999.921500835069	14	5	18693333.3333333	63
20220910 195842	-0.602436215005852	990.286908585174	117.295613814988	7	5	21160000	64
20220910 195852	-0.125154770709993	1063.12051230732	531.183112203253	6	5	20306666.6666667	65
20220910 195904	-0.828487282768036	556.470051901998	277.930249629542	7	5	21373333.3333333	66
20220910 195911	-0.118985070161398	826.688228969589	63.8893027073284	3	5	18346666.6666667	67
20220910 195931	-0.656745118463904	1115.40290677204	104.385887631722	16	5	21160000	68
20220910 195945	-0.204539721297311	3037.92148731807	815.077996860849	7	5	19226666.6666667	69
20220910 200001	-0.377186519205806	4214.7897482718	473.385504849781	15	5	19226666.6666667	70
20220910 200012	-0.650570821452689	4327.65971041411	999.616481321801	7	5	18960000	71
20220910 200024	-0.383634083831261	765.383106058054	87.8432688882767	7	5	22146666.6666667	72
20220910 200046	-0.870083890476017	913.676373687907	114.357584647888	20	5	20773333.3333333	73
20220910 200057	-0.898819174519498	1062.3258743664	401.339833344112	7	5	21360000	74
20220910 200109	-0.781897771736919	1037.29858611021	169.080821224169	7	5	21786666.6666667	75
20220910 200123	-0.855580094099674	4999.47122378824	999.035859945385	20	5	18680000	76
20220910 200133	-0.838786565172849	4997.18915042721	557.794472921512	6	5	18733333.3333333	77
20220910 200147	-0.121195807915585	4996.03664023998	999.754464426635	20	5	18600000	78
20220910 200201	-0.911133707997619	772.325495329619	102.343539189929	10	5	21373333.3333333	79
20220910 200220	-0.217504213989037	4998.39709415424	68.8433611076965	18	5	17840000	80
20220910 200239	-0.614141734452201	4998.10117793838	76.4233375998859	20	5	17280000	81
20220910 200249	-0.50266711929962	3642.88979458507	612.471949510137	7	5	18920000	82
20220910 200302	-0.832754299377446	999.756068026613	301.694248524237	9	5	21200000	83
20220910 200313	-0.143470031419798	898.077904593732	3.21277963896412	7	5	20866666.6666667	84
20220910 200324	-0.355707904286293	953.078298356845	88.8938762904706	7	5	21466666.6666667	85
20220910 200336	-0.224604429471461	719.859469661788	77.9196521343191	8	5	22893333.3333333	86
20220910 200350	-0.234410645774119	870.915395018631	86.7177633828831	10	5	21226666.6666667	87
20220910 200403	-0.262069556801098	4079.07443160746	999.819057776737	20	5	18800000	88
20220910 200418	-0.633656739886077	1101.68891930036	550.716592300695	12	5	20013333.3333333	89
20220910 200430	-0.213531355212971	494.697308554621	34.7021010719548	7	5	22080000	90
20220910 200447	-0.738573051054244	21.1415640209307	10.2393252624264	13	5	14440000	91
20220910 200501	-0.999904425851804	4995.21187585203	771.364502493527	13	5	18826666.6666667	92
20220910 200512	-0.238658250281795	4999.7208043008	765.273911635767	8	5	18520000	93
20220910 200524	-0.226205063974537	801.85178105081	271.363555249366	8	5	21173333.3333333	94
20220910 200536	-0.412728974201881	999.646965066409	71.9832852584672	8	5	22440000	95
20220910 200548	-0.0800933970471641	3873.01852857394	999.481773112846	8	5	19266666.6666667	96
20220910 200557	-0.227102606614082	4379.10427617032	31.2808206233295	6	5	18280000	97
20220910 200613	-0.397057432335951	1441.71293601316	719.490845923698	16	5	19040000	98
20220910 200625	-0.0859280624929282	137.667412864535	67.0890791372264	8	5	21826666.6666667	99
20220910 200639	-0.0811835562095882	2010.20060491675	998.022645387179	20	5	18786666.6666667	100
20220910 200655	-0.935680888860681	3913.95418463705	568.302544177223	17	5	19146666.6666667	101
20220910 200705	-0.998611097312707	2016.27452684642	999.666734032824	6	5	18666666.6666667	102
20220910 200715	-0.814920348261295	2221.36882463723	543.137643837584	6	5	20653333.3333333	103
20220910 200730	-0.938304639062573	2010.44789410608	999.81382885871	20	5	18666666.6666667	104
20220910 200737	-0.698769012730677	4998.69114026996	1.34057748031012	3	5	16946666.6666667	105
20220910 200800	-0.698516643421256	1854.14695083615	6.05986226812024	20	5	19106666.6666667	106
20220910 200815	-0.639383066973841	3707.62040833839	58.4265588092677	12	5	19093333.3333333	107
20220910 200829	-0.640931116342584	4997.53350753649	882.986533367499	20	5	19186666.6666667	108
20220910 200841	-0.9996711755202	4998.26886642527	301.590400769824	6	5	19200000	109
20220910 200853	-0.866659869913383	729.917925255876	15.1710035433957	7	5	21413333.3333333	110
20220910 200906	-0.221715930222391	767.445266529226	69.1471675252299	8	5	22960000	111
20220910 200919	-0.205214843005934	739.596996982221	64.8101595158613	8	5	22373333.3333333	112
20220910 200931	-0.656591195791356	1220.19114209169	59.7059020821625	7	5	22373333.3333333	113
20220910 200946	-0.8103726609095	2849.74650152125	859.329461492631	20	5	18826666.6666667	114
20220910 201001	-0.476293240243265	4994.64147030996	525.777254172938	20	5	18893333.3333333	115
20220910 201008	-0.552964019036949	4998.39238892708	997.771277962219	3	5	17866666.6666667	116
